2746068817 2745809412
7286566917 1795001889
2746068796 2745809384
2718215716 2745809377
2746174232 1795001910
2746174229 1795012140
2746174228 1795012157
2746068646 1795012137
2746068641 1795012145
2746068636 1795012154
2746027891 1795012160
2718215673 1795012177
2746068677 1795012159
2746068681 1795012138
2746174213 1795012120
2718215704 1795012133
2740744885 1795012110
2746068692 7286469580
2740749890 1795012116
2757493123 2746203620
2757493126 2746203619
2718215696 2746203611
2718215744 2746203613
2718215276 7251614918
2718215275 2746203612
7286931789 1795001951
7286688391 1795001977
2727444374 2746203599
